Nome da instância: c1_2_1
Melhor encontrado na geração: 54
Tempo até melhor resultado: 467.94s
Tempo total de execução: 485.55s
Número de veículos: 25
Distância total: 5388.9297
Rotas:
Rota 1: 73 116 147 160 47 91 122 67 179
Rota 2: 57 118 10 84 191 125 4 72 188 158
Rota 3: 131 27 80 31 24 172 77 110 162
Rota 4: 170 134 50 156 112 168 79 29 87 59
Rota 5: 133 48 26 152 40 153 169 195 42 123 198
Rota 6: 62 120 19 192 163 14 89 105 28 74 149
Rota 7: 144 135 58 184 132 7 181 117 49 63
Rota 8: 148 103 65 86 115 51 174 136 189
Rota 9: 177 3 88 8 151 16 140
Rota 10: 161 104 54 186 127 98 157 187 142 111 56
Rota 11: 178 78 193 176 33 167 165 108
Rota 12: 114 180 185
Rota 13: 101 55 18 35 126 71 9 1 99 53
Rota 14: 60 83 143 46 128 106 121 34 95
Rota 15: 21 23 182 75 194 145 52 92
Rota 16: 164 66 12 154 43 2 139
Rota 17: 45 41 197 124 141 69 200 109
Rota 18: 155 119 166 25 61 96
Rota 19: 32 175 13 36 90
Rota 20: 93 159 38 22 199 37 81 138 137 183
Rota 21: 20 85 173 11 6 100 130 15
Rota 22: 30 44 102 146 68 70 17 39 107
Rota 23: 113 171 129 94
Rota 24: 190 5 150 76 64
Rota 25: 82 196 97