Nome da instância: rc2_4_9
Melhor encontrado na geração: 2
Tempo até melhor resultado: 182.21s
Tempo total de execução: 515.71s
Número de veículos: 16
Distância total: 19519.1014
Rotas:
Rota 1: 283 232 9 87 152 389 263 79 51 265 164 90 47 109 248 254 221 200 22 364 244 80 188 12
Rota 2: 313 165 92 137 285 140 297 368 260 346 171 392 246 292 267 174 86 334 33 272 135 371 335 116 321 61 17
Rota 3: 143 243 127 2 317 288 236 16 4 239 110 324 373 56 374 89 189 50 63 304 21 326 249 134 101 31 366 290 233 320 145 192 387 365 378 240 212 84 159 180 105 119 45
Rota 4: 315 194 155 142 287 25 177 161 179 308 115 185 129 277 344 181 380 39 210 190 117 357 59 325 48 336 81 102 60 36
Rota 5: 121 46 318 72 169 295 138 78 40 148 356 305 382 341 11 294 300 124 34 114 291 120 338 234 397 153
Rota 6: 93 256 333 381 100 141 91 345 195 375 391 245 252 67 149 362 264 30 73 54 223 251 62 289 350 280 68 146 94 41 225 229 384 5 172
Rota 7: 383 238 75 168 207 316 173 367 302 226 330 279 10 77 355 88 258 209 386 216 227 353 203
Rota 8: 76 175 255 306 298 113 396 363 18 352 261 133 198 303 299 220 379 26 20 310 53 347
Rota 9: 151 259 24 13 351 215 70 29 354 230 42 327 130 319 376 293 301
Rota 10: 186 323 199 247 55 250 3 123 312 27 157 286 82 253 311 166 193 66 332 343 183 201
Rota 11: 44 372 328 296 57 156 342 19 314 360 370 65 125 111 309 160 322 206 8 98
Rota 12: 398 278 339 224 266 97 108 361 359 222 106 237 395 205 385 154 268 69 7 38 14 208 184
Rota 13: 144 71 23 214 196 349 150 107 52 163 400 369 281 132 35 262 358 64 28 43 58
Rota 14: 329 136 337 394 191 118 49 275 228 15 85 1 235 99 241 202 284 182
Rota 15: 211 147 139 96 162 104 32 95 269 282 176 274 390 112 197 158 217 204 242 348 6 83 37 167 399 178 103 187 131 273
Rota 16: 213 307 276 340 122 218 74 377 128 270 393 219 170 271 126 388 257 231 331