Nome da instância: c1_2_1
Melhor encontrado na geração: 63
Tempo até melhor resultado: 82.79s
Número de veículos: 20
Distância total: 2962.0364
Rotas:
Rota 1: 148 103 197 124 141 69 200 174 136 189
Rota 2: 21 23 182 75 163 194 145 195 52 92
Rota 3: 114 159 38 150 22 151 16 140 187 142 111 63 56
Rota 4: 113 155 78 175 13 43 2 90 67 17 39 107
Rota 5: 133 48 26 152 40 153 14 89 105 15 59 149
Rota 6: 62 131 44 102 146 68 76 96 130 28 74
Rota 7: 93 55 135 58 184 199 37 81 138 137 183
Rota 8: 57 118 83 143 176 36 33 121 34 95 158
Rota 9: 101 144 119 166 35 126 71 9 1 99 53
Rota 10: 190 5 10 193 46 128 106 167 165 188 108
Rota 11: 30 120 19 192 196 97 169 29 87 42 123
Rota 12: 170 134 50 156 112 168 79 110 162 198
Rota 13: 73 116 12 129 11 6 122 139 179 109
Rota 14: 20 41 85 80 31 25 172 77 64
Rota 15: 161 104 18 54 185 132 7 181 117 49
Rota 16: 45 178 27 173 154 24 61 100
Rota 17: 60 82 180 84 191 125 4 72
Rota 18: 32 171 65 86 115 94 51
Rota 19: 164 66 147 160 47 91 70
Rota 20: 177 3 88 8 186 127 98 157
