Nome da instância: rc2_4_9
Melhor encontrado na geração: 45
Tempo até melhor resultado: 316.76s
Número de veículos: 8
Distância total: 10850.5563
Rotas:
Rota 1: 186 329 238 349 318 161 211 75 72 140 150 383 213 121 398 250 359 194 315 328 283 363 32 76 23 9 298 389 286 152 82 162 122 79 354 230 42 19 68 146 198 27 303 69 299 41 325 48 37 167 358 59 322 135 94
Rota 2: 164 313 316 2 127 196 165 90 97 266 224 226 168 276 317 207 107 391 295 288 177 355 375 245 55 46 252 67 50 149 31 101 237 158 63 259 282 320 260 281 377 145 233 362 366 290 205 128 357 22 262 102
Rota 3: 93 143 296 256 144 333 78 40 232 278 381 100 96 113 156 147 265 342 139 263 71 51 292 29 312 396 115 367 137 339 341 302 382 394 174 294 268 33 129 11 267 15 327 334 3 344 348 77 49 385 271 364 1 219 117 190 216 159
Rota 4: 222 346 390 44 269 142 323 155 304 306 255 25 287 218 171 54 395 21 368 74 199 264 189 24 30 326 249 112 73 134 258 13 125 351 192 176 223 248 215 132 365 193 133 300 388 61 225 371 397 64 220 183 321 338 153 84 399 38 7 336
Rota 5: 104 95 106 136 307 91 330 324 151 373 56 374 236 16 247 89 10 4 239 110 345 195 279 111 181 297 210 39 380 400 85 370 277 18 126 272 166 86 124 154 379 160 257 116 99 81 378 103 178 120 227 36
Rota 6: 92 118 179 173 285 243 108 360 352 185 340 314 191 261 163 123 138 52 170 65 47 141 242 204 393 305 289 350 280 200 335 130 369 332 235 206 309 34 291 114 26 105 119 5 386 353 43 376 8 28 131 187 293 60 14 241 17 12 184
Rota 7: 87 175 70 197 372 392 148 62 251 253 275 6 209 254 311 246 57 356 157 308 221 35 387 83 66 240 212 343 45 229 231 301 319 208 384 180 202 234 201 273 331 182 203 98 188 347 172 58 284
Rota 8: 214 337 228 169 361 217 270 274 88 109 244 80 20 310 53
