Nome da instância: rc2_4_9
Melhor encontrado na geração: 23
Tempo até melhor resultado: 80.64s
Tempo total de execução: 480.02s
Número de veículos: 8
Distância total: 10122.3522
Rotas:
Rota 1: 143 296 256 93 144 23 194 315 283 328 278 9 381 87 389 152 162 298 96 113 156 147 100 51 79 263 139 71 303 27 292 122 29 342 265 230 42 312 367 129 11 341 394 382 174 294 267 15 327 308 68 146 198 289 388 102
Rota 2: 186 213 75 211 161 238 349 318 383 150 245 295 391 288 375 355 307 324 330 91 151 373 56 276 107 2 127 196 316 243 165 90 360 108 179 173 352 285 339 302 268 261 191 314 242 3 344 77 348 370 334 18 33
Rota 3: 121 398 250 359 222 46 55 106 252 269 142 304 63 306 323 155 44 287 255 25 73 134 264 199 346 95 189 67 50 149 237 390 197 74 171 21 395 54 88 274 223 326 249 112 192 351 377 145 362 281 366 101 158 233 290 205 128 35 159
Rota 4: 164 313 207 168 97 224 266 118 226 72 140 361 169 141 47 317 204 136 400 89 10 4 239 110 345 195 279 16 247 236 217 181 297 210 39 380 374 385 109 111 271 364 1 190 117 332 219 262 193 167 358 59 335 371 116 64 94 99
Rota 5: 329 333 104 78 232 40 24 30 218 368 70 175 311 254 76 32 363 214 259 282 125 248 176 13 85 49 277 126 166 154 86 124 133 300 257 61 135 322 220 183 321 225 338 229 319 343 84 7 399 38 153 14 202 234
Rota 6: 92 396 185 137 340 177 65 138 123 52 170 115 337 228 354 19 286 57 246 82 305 356 157 350 280 299 62 6 69 209 221 325 41 200 130 37 240 66 365 387 378 83 81 212 397 376 178 120 227 103 386 353 43 8 60
Rota 7: 393 270 258 31 320 260 148 392 251 253 275 48 215 132 22 357 369 34 235 309 160 206 216 291 114 5 26 384 105 119 231 180 45 241 17 201 273 28 131 203 187 184 12 182 36 331 98 58 53 172 284
Rota 8: 372 163 272 379 208 301 336 293 244 80 188 347 20 310
